321738070823531134797276960157326994194615633225363942245438979047424
32173807083982076023104668673297692614595139585726783868049140219904
321738070841150619154497300834087499552519525486724490617964399165440
3217380708411506133564962005069135543847050280960
3217380708398207363236039677805561810123835310080
321869396995122598470096842369389297664
321869396920374927973873101100488293973537550247846215680
3351556771179256497896749349279031623680
32173807088718786273803577346727577746086827842377614577430509387776
224669981513847595617927938557492208487578481451785618342822851641344
32173807082994746807466463016819520200303608569668829184
3218693969994485061499751678228013023425458077696
321738070831628375158069846963375652766858322108357502042112
321869396999448514262939009283469471921446322176
3217380708316283563599432779709724753920
86467448720761902738400346112
22467287373975273472
33515567711791271959380405910758907374292510609597030183162569818112
3217380708248869431803781424421219885492044314495438383639543255400448
321869396999448529074140234843111042475201740724170248280346722304
3217380708253830886117334739600155033992443440477404051547612667445248
321738070818560764996359559708468549539111535388530976745928523776
321738070818560772853392361999402637802121196071268490416221874814976
321738070825383059877442082724599409180237584979443212303402725801984
321738070839808057279727478076111940160046657747550498975736427184128
321738070831768058877002852475868990973825552851504724599187999555584
3217380708317680865391454915010294813498716800121472811008
204143449011019066499559287768647711613903699968
321738070840333793408056359700869939200
2246728737422715136
32173807082538309579530632176886952695399603381481470336760090198016
321738070824886914446086751206705894330197672381246645512595784597504
3217380708411540002227843362013812526556481758563608494611527167377408
32173807082353961141323737460507478880160955837303583339620855709696
321738070823083262975458904138471767275930955366451365736980821311488
321738070839820748258425273718220220221365246245477341659092010139648
3218693969994485010133087980897750129644529525715362708864418971648
321738070829947500741771854578287694486998399146436591616
32186939699944945882302183927031148693134492151477603259839326191616
321738070822099017714337787019191118897743669293272230535758402813952
335155677117912504086618624841968367100374413083741355446436641112064
3217380708398080477016303476643065754203777380581181013586169135366144
32173807083176804472524824425611109097039991879646945738752
32173807083176803493176002644635557912465325362792373055638921543680
321738070839808065489438894225459538872083014625136058826752
32173807082538308760173061142494056822431742427136
321738070818560733815672668160
3217380708185739522357076470222840397824
32186939691474149029034590208
3206345777194715668703616289082206846976
8823991123337745408
204143449012360341748996876941060472832
3351556771344747624414513721312005050705274930766807040000
320634577719484616710669626499219156987782252808688171130478919680
320634577719484615588236369029085715807352301282582812034722726674432
32063457771948460361561495601432900988276615167079231501332333461504
3218693969549360839792787456
32173807083207564946846772502632333312
32186939699944850339726364938881466368
3217380708248869117139290232967581939950971518976
335155677117925648098987606016
321738070824886930271281072449968695605147520471490625536
3218693969994485090338802833420231907475456
321738070831245813130967148788356560525979486550024651157706368876544
32173807084115061915449730083408749955251952548672449061796439916544
33515567711791270981875588148759456356045149565271205216256
321738070831768051803485352375477251728799170560
32173807083176805504867088895974451956035937632256
32173807083653867325314079921084538540739720935279028846215561216
20414344901100038200260177767720477138446092575546254006407728726016
321869396937771685475620235096284978509761609167616496175040643989504
3217380708312458035528700183765511957863105668605922535405868552290304
3218693969994485237990327626018833220837767976388362242097152
335155677117912695648561233078075661893752806872389307788826914062336
3217380708248869204323974577140842472924907471871418940232954806272
32186939699944850952655583554228451150091710314388486038224896
32173807084115063725262603333044941371925126393288059781120
3351556771179127243828526243134917561127595659406865006401854550048768
32173807083982078806457465594596178499935756051537522065408
3217380708318282210765977699653517312
3218693969377716940484112883130245840896
20414344903118256276959390088709981103929994248192
321869396937771686492624915721592242176
204143449026694839644690575765683568640
32063457773393604589594355683215051582212069654528
2041434490266948472004769483571159105536
3206345777339360566612281718946056788827636970497626865664
321738070841160115069335408845284566399517139486520639488000
321738070824879263519421569903043280896
32186939699944850101330879808977501296445295257153627088644189716480
33515567711791270921985891570674286786491218657280
321738070836538684945153897858068731036875871083054445709615955968
3217380708317680680294130352968135908866001993728
3218693969377716781084477544666110884334966669312
32173807082488695036395099025097601210395612121661813657679396077568
32186939699944849399810093890144100558676575553337777653796569088
32173807082487928788624666080668422036882036967070004288118304276480
3217380708411601302049477997568146860437567770930953244176414511464448
321738070824879299858868073821440926293406519282490539902582434824192
321869396999448492159850512186561740029976498318973337600
3217380708365387037659124096483851925822283787211844354048
32173807083182824468843018431357779968
3218693969377690819600184870527968231853320568832
204143449011000375759794145033839443968
3206345777339360199344592641580123731696390504448
320634577733936034360482973363982537347045424401401180585984
3351556771179127092198589157067428678649121865728
32173807082487927903754697710014425416549319835648
3217380708411601319846948216989433200640
321869396920374944274673704721896847534748336128
32186939699512262680429573958726057984
32173807084116011506933540884528456639951713948652063948800
3217380708379697147093706215720986127041363832685713162240
32173807084116014122123161191561190784546914697216
32173807082487928349967708990351174743388848128
2092489639297512586218884879651231298806146400256
3217380708379697043631961490370413612852839059191786523761235189563392
3217380708411601448714090306998916508013748103675386832688557064192
3351556771179126958807901324059551001006275752474861109248
321738070839830613698469597877745902080352526360846887292191067078656
321738070831768067025993442786734232506118191444830963367936
32173807084116013738852064756566870959850846686016962263048108638208
321738070841160149361142060580425415523094616471960119651880478441472
32186939699944849215985051218656174002997649831897333760
32173807083983060168763518395305038895540904919040
321738070841160115069335408845284566399517139486520639488
33515567713447474850348562304956104161070357267145476276224
209248963929751256168845021218649188266134138373054292698261377515520
22467287373657473024
3217380708411506287325944312458928642921884451761568882350839128129536
3217380708871890749659538412113922523252159266175639691909935398912
2246703798188831493378847865717861153911950687777538345574605248266240
32173807083011600552094109569378612496076212817610642817024
32173807083162838630844244622868722353471745843253825503232
321738070811361300364347024378942418261947437315275606362593584742400
32173807083980806925234889109086864608463280735934099599713581924352
204143449011019071264627493712422719663440469760428390468528291971072
3217380708365386755915434189402900545332929416988431199116476809216
32173807082353109915822840910639631079361120043008
321869396999448512841996615128105091072
32173807083207566686150459392
3218693969985139824880523681233633280
3217380708398207452652699204645310437402187088425297174037421621248
20414344901101908922355961323455777855031969417811413600062738006016
32173807082538306261559394521790014563246228479278843953152
32173807081136131102896329721183120379239989248
3217380708113528569762765247673878446080
321869396914741460734306915157631041536
320634577719471559314575256316788342784
8646744872076190053937709056
2041434490346089894091476471521417887744
3189457552254000360601470987858032147547981838165599059968
3217380708301159497690780993672282711214664465552026632192
32186939699944849398052940563179904797419503616
321738070887189046905122404458056222814467138464929991797088714752
22467037981888315353309954607167423481701333194239415156736
321738070830115968411629509212765052322548023296
32173807083207564671457049214845866616290237480960
321738070832075684453690638336
3351556771179127121109156759733661325400587625886012411932510781440
3217380708253941992044047516542386014151911837893216410133970978603008
321869396999448501013308798089775012964452952571536270886441897164800
321738070811352871638872261990221447353298110614765703297421574930432
32173807088718906000017707494294636991948323960282584791424429981696
224670379818883136807540647173706878665224627456123022082048
3217380708301160089764487165161059002170505953280
3217380708320756467145704921484586661629023748096
321738070841154019378978597024991982134986015235225644695391744032768
3217380708365386951756653591743891584626697000970355833011437568
3217380708365387153958782686227759296048791552
32173807084115398236440581292392064407699216118710649487360
3217380708253831005824727577620096395505582473216
321869396914925519690343242449480056832
335155677117912486811303896181363148203268769169096992358400
2041434490123603417489968769410604728320
335155677134474759653858222314872612378562708995635515752448
3351556771179124945085214944301630023607054933943089578293171274645504
3206345777194845964320421082054749863280144619037180168004836993794048
32173807084115063931798049318105169703718667419648
3217380708411506419170108468599218765824
321738070823386508258392433961727245560115897898916380672
3218693969951226089259976078694364759570602000384
3217380708233865264826952146721436605619540846167932935282318376960
321738070824886949087534833710181971275909813018545646206976
321738070839820776914202056680650214231498424191194467663872
3217380708318282522442165569050101415936
3218693969985139692815351526347216634041597952
25729735384101149113585000273558180659832273732808501622947180445696
2246728737114130688
32063457773393605666122817189460567888276369704976268656640
2572973538410114992573584330755470786560
3217380708233865326329446531681489504495648899072
32173807083983060039246200942014406071539752579443785203712
3217380708411601150693354088452845663995171394865206394880
32173807083983063764371242390725931392952482558442788133498985119744
3217380708411601542019737582526809791717099700224
321738070841160146089009916792012809592809455616
3217380708398306016876351839530503889554090491904
3218693969994485444272220712427097280043161998385706172416
3217380708398207674146195345418309497007030856243421368933310374346752
321738070839830633843579807216078773018974934766980111007744
3217380708398207462506774087010433946198857992996973969408
335155677117925612010743071970741452800
32186939692037492797387310110048829397353755024784621568
3218693969203749688077571316131039095784904420600315904
3217380708379799337709314288451709032516901342329793074597640945008640
32173807083981686912908745693704750065545277202535630672568898289664
20924896392975116637418442360797389383173801628462556503776593707008
321738070818712202569024172642219171967741485997474817075732642004992
86494273010565952
321738070837979939601044147862809006830964392542321808244736
3217380708398169070046707983451801397713407311872
3217380708398299509053728452180141146112
321869396957277893486766272241284939776
20924896392971700893373537760837843559420302196736
3217380708187121929031805798684116910080
2092489639297511612663223904371050949338084671488
2092489639297511571239494950728878915132067396676411719680
3217380708317680780331971132994797204531633922303695198334270268506112
32173807083182825673728427693859323740973606937253560451072
32186939699944853048925632216107026454449227943334467600384
321738070831828254995038558303388304477258079321882361856
2041434490110190827254869706899840507717047287808
204143449011019067450297237939819762736431104
3217380708239303079814975786532808728591367651264298842118699352064
32173807083982078824657255312883246631734682320896
3218693969994494363743566898676426633227458909926688506832694018048
321738070818573942736946678231779154846885769040815213955553140146176
3217380708317680723462019421174702851389849711647690337482623156224
33515567711791273549494187326781282379901608604912955568817176576
32173807083980807663981149349077110963994215094931681181696
321738070831768060405459711972955487362701829252348641280
32173807082488691171392902329675819399509715189760
32186939699944852580118560768
32173807081637837915639775232
321869396954936095264595724348686336
224670379818883149337884786571786115391195068777753834557460524826624
2246703798188831110254962649245646564325193900200242440889824702365696
321738070830115975902763878895302265108636297315001303040
3217380708220990207074931402728802953788902066962198547911082508288
321738070823539598318182704120184641696593457235139977279052972032
33515567711791248014137579881245495525120211386016036140363785699328
3218693969994485232281336855194993696604624098590381696566165504
3217380708411506416031624502367563231611185560088316725330882592768
204143449011000364230741867733425286027653359925461021047937564672
321869396999448532362518918837642608433492614335807042506194944
321738070823930301995186872145902519896843690320534635701170239176704
3217380708235395889645722252024059651930105278509286514810846969856
321738070822099002000272182437322942371724347927797203195171700736
204143449011000370029980364662448065459874776143672043042677895200768
321738070839820763673134595053092723944665699806229823488
32173807083124579946532438016
32186939699512260725286371328
32186939692037493227218253250098626560
32186939699512263193564535188407516591396395026841459490816
321869396995122601334843958255817165195219818876314486943700565884928
32173807082238100540406294478667680585668894916608
297681616449966411994086473768617639936
22467287371861966848
32186939699851399429396857529747636224
3217380708398080617694605079566457048817664638519719353587611992064
321738070831752733921594193587285407503554049759668537207966163533824
32186939699512261330746537127057387111980596848810498396509995794432
3217380708235311333006992835304824059540423645238901301177640550400
321738070822380996893857110569129054750739326183058078534240185614336
29768161644996643607556311795057897849285261462585648421945980485632
3217380708398080627018457444091316461801182305440908705792
32173807083175273777293821121824035459618817703936
32173807083183394529580569592235057155877717934080
2041434490122484556643915430109414162432
335155677134469273670539383781579794591867637498705044570112
33515567713446928482091198304689136535972677382288579756032
3217380708398207630691437740362863476736
32173807082338649369071821415694173647084242075648
3218693969951226149983795324131475456
257297353841011508572477974616585435092160094653789117612032
321738070823386508294053128786144441712863346688
20414344901101908171136649050740052957434216448
32173807082353111085203413412781358234544333400178294820264019492864
32173807082338654144847198094058954296768677163153141480498107777024
2572973538410115126865685461621438772625778066293079108679907101638656
32173807083182825721746749067258637979298580093412374819533127417856
3217380708318282288613527787753143104900882285620837220352
32173807082488693913961841554964160029965660595556454561923203072
32173807081135285966625084897546474142871196100297520627602218287104
3217380708113528447004740827070188590229792739882370849992729427968
321738070831628350346953228288
32186939695493609083737714665839394816
33515567711792563803903666742753790880077194461184
321738070841160131984694821698943320064
32173807083820827693113190291315519105035803911578154172416
3217380708317527507536803575553094259224290000896
32173807083820828757914185929982300288332167991312899661036884328448
32173807082488692678678963517955882974019154037018414022656
32173807083183394342730990224749432901789559470471962951680
3217380708318282337692613076119591880128150372352
2092489639297512609578935864245518706359685982177704915068211343392768
2092489639297512717919921324114803949568
3217380708382082685341859770605160353773442301952
32186939692037493413346890289606163556112269312
2968968094125771746374329653592143691776
3189457552107820928782548593694463754240
321738070836853144857658390478244020224
321738070836931507075563787328664895066690551808
335155677117925633171258362551137007053431635968
32173807083693152723165796564470320501632707857452663457919962972160
3217380708369315272316579656447032050163270785745266345791996297216
20414344901101908272548697068998405077170472878080
321738070841150653921315407810254402279207600128
3218693969203749105514159147484389646487576497413137891328
3351556771179127142834050583957338062848
321738070828034208655913063492900624124292130981161650356224
32173807082209900574171637400443441297315751968148173351435901075456
321869396999449464435188126620978692833494679145302828077174226944
3218693969985139629078085632
321869396920374941716915498240276692992
22467037981888312565716804790839530789736549113194226909184
32173807083207568525114873908663247166267981824
864666390
3217380708185739810493351998790006138055614477985448044240311947362304
3217380708253830733466411723662007033453970032927075214524770418688
32173807081857396668218950426129256669605806826439620799835192426496
32186939693777166153037740906677156666058930994403550213224185987072
321738070825383068130617391919336961234956189696
321738070818573963139578068992
32186939691492550455637049344
3217380708233864908359352476096779162353359973923839541248
3217380708398168978633788481724635948744595310936534995770475238391808
209248963929751160387873717100595540869444941478730316527066241040384
32173807083981688543416491308691201624865984705211167408128
32173807083797991131834761534141326414878513037312
3217380708379668148784737594654156914688
321869396999449457315293189057147830272
3217380708413475961185668655300709300891948154880
20924896392975117356676928872285995008
3217380708187122322897594062809097277603886137344
209248963929751173566769288722859950080
32173807081871224070435747991757256622556498041550451769344
3217380708280342198982289854345710141440
335155677117912700250058915840
3217380708113612907862498939671370535222785176258432087454740710948864
335155677117912712110915675973366132540058762588601241193251078144
2041434490110190667748944638318889549417206636560069540855035199488
321738070841150619830168846978400084394471363426348171264
32173807081136128993525730941409396288725855502336
32173807081135286642100949050667827200
204143449011019074266232153306931178640452060102517025931264
32173807081932341755297754084106405248330111123456
2041434490266950285393498905514921164800
320634577733936301969425355731460235775664696181739252350976
321738070831768062992591463199691608635402041780557707950294040576
321738070831245806895898973751501389824
3218693969951226058245769881363509299169396249807359233267253379072
3217380708223810064719542409809344194904082458724904761513596992618496
297681616449966436075563117950578978492852614625856484219459804856320
3217380708398306422063592566650624510948692870101156757504
32173807083176805180348535237547725172879917056
321738070831828244688430184313577799680
321869396995122626708908195978460367116529980116454866944
3218693969951226179976796028024357024541400298631886536704
33515567713447473427843321143829544792111540338688
3217380708871878777038125397357216598666009654385142670510543339520
32173807082901759155676782006835934504484490706944
204143449011019076331066308828885680128
32173807082900985503444860317519283460531436912640
32173807083182823985398418870746031519699042304
321738070887187886683278599496789189310040577647357139817103877996544
22466998151384760160423864506487056144987155625768086685352254767104
3217380708299474544633699533306566634680517884259598336
321738070824249731534486105854816587855315332890995166636950383755264
321738070824249765307460091904
10168418753452535808
3217380708113528620607751315784160826136291909253333056803020612829184
321738070825394218360599012477849330894529023168186436247636125155328
32173807086844364638003400051604730463089755533954441310009083035648
32173807083653870552309695147718181934475831572831936246514616107008
32173807082393033791305111119017263767060213915590612676536841535488
3217380708220989889800463957837750246787369102249750376843998618714112
32173807086844362727129972176844931788441468764558978973696
321738070825394201837820611264159342723739472649360676749312
3206345777194715789607958680918335430205141680128
3206345777194842133081568917332603967412576743264221121157031534788608
3206345777194842145054190330347360673337162892876011618178430926848
32173807082539423033322042549260603681911517277997693326903551721472
3218693969149255143926687207592127599914772165289383559168
32173807083797994770781104243266113124202869901545418289873682432
321738070837979936015797943785437785612550037285190025651276480512
3217380708187122121471213030540245367074104056869072146928521556525056
3217380708253942228503320423583830956162488292726078726306608971776
321738070825383054639420214530643350338231144524284869856540491776
32173807083797991730029894933218586529524611989396030226432
32173807083981689402392865200811106844509990813696
20924896392975115712394949507288789151320673966764117196800
3217380708411539883494542481448720992073190211584
3217380708235395755828499672124998868288686522368
321869396995123920732712045870049132544
32186939691385977571759669136091823147505127173779349307392
3351556771179257102359659156593618976768
3217380708686061300139682646029537959715026921748386807808
3218693969994485388150122709111537664
321738070818858745449939226846300885126757143826418056036352
32063457771948462138026687375544942592
32173807082539421298819321052947091349159860897354142973952
3218693969994484813040234033495050330071629824
8481288811295545015609737216237381793407525059249847063953927045120
3217380708144912810948713453040978566093333821966860156928
321869396995122600813033766408768306378159685632
321738070832075658913200690765613760512
3218693969951226292430962688
321738070814491326725594298254085694668212746928492904848458455711744
32173807081449130278035147222457228281904044770491191080565967159296
848128881129554465643109482579468061566994057089613215331194528333824
3217380708167259840302376396569607430208495812608
321738070841150649472797219451354218496
321738070816725991382132552171536975174034145125432112971776
321738070816725992567090676563733106823865488401180955002187557109760
321738070841150622895941492401198970153952697240409020937151709184
3217380708167259829889935461519277420841965687117485573850680434622464
35707074235733947272541026023077202800402769428311688021868556582912
22467287372192669696
357070742357339478715703654189880868535485333504
32173807082308327494808031715322847320051710497824186275838021337088
3217380708411540089029348606370798644509731343249089598016672759808
321738070823539611413237374605074788801609558373035833396208557096960
321869396999449458823021839270311486931344921514776032598393261916160
3217380708411506372526260333304494137192512639328805978112
2246699815138476147741221993811029379669163208306504135770618789363712
3217380708299475094530004477543123591493883493997028048896
32173807084115397148849294496596515843664141678806365660979417579520
204143449034608996964934019743574130688
3189457552254000453158274790353294209585875059606552576
32173807083175270997635136755777199565438175053608754316516737941504
2041434490243568148884877458989635338240
209248963915786055897800112292597644248106474802149064704
20924896391578606134231798302761305966210019371044044800
321738070839820773326101357217867073250967496995163694797646987264
32173807088718905859713550310527956844394580019519414904454905856
2041434490110003595539366282745359477758618952333553581489534271488
32173807081136131945701382717161078784
2041434490110003904567962453105213409849195364352
3218693969377716914619309416036633314720546839735117446857403400192
321738070818573959791494019613716381696
3218693969203749150810701824
321738070823531108380954568884422882676369337935705048875008
318945755225400053482604285137852544079578084323092332544
3217380708223810409805470564878099939328
297681616449966393645165126162686698780023062528
3217380708223810443462893837978840198354114183168
3217380708398306136984695978777459020803525263608468872921910670786560
321738070839817635376857889881476679828966347179948116095250074697728
3351556771179256200933765825079397074845013128002308423894706421760
3218693969549360904929318848706532903481187572721852611566738866176
32173807083124578918572432275884314867680718732644365711490758475776
32173807081637836160841453824664141824
321869396995122574267514880
204143449011019071451699703290778293193512128348112616984487657472
3217380708230832342411675129030556730569241962981541728856222803689472
3217380708299474733306484373357500041849088249202304577562729074655232
32173807082209897861624598514287625111276702446726888870025101312
3217380708185739816479662705297384491017907552791343292751011643392
3217380708684436538629223836502702458337638988469134737384654503936
32173807086752612453804761463588877397132205577480517815768035885056
321738070831828234436539078407970095874017796724174098530304
3206345777194846260642801054169978334913651821928994969284471947264
3217380708398306158145736332640602030080
209248963929751274202861787358659384575727671071539078365184
321869396995122624531797945971908282924105483749158574922661888
3218693969951226245317979459719082829241054837491585749226618880
20924896392975125616884502121864918826613413837305429269826137751552
321738070838208275606520446285066296958735530301338499588969451225088
3217380708248869147562904638445087575871848448
32173807083797990982568860281565749140251783500939831341696531038208
321738070837979933770931428845170903251690134232979307459764094500864
32173807081871223228975940628090972776038861373440
321738070824886939139618415549641600299656605955564545619232030720
3217380708369314827366722629466603863299890085888
3218693969549361026432933538325069824
3351556771179256250582945210904688374745311215616
3189457552419435461435144831710489739264
3218693969314374063239584772892341043200
320634577719484593046067976537578143744
32173807081885875660031182611161245589461628015059880902656
32173807082353961001019580276740798732607211896540413452651331584
321738070823930298627887099735502196355553835742218558413901660160
3351556771179124876242641819466778964540684573675294220420124770304
32173807082539419911700787595606562348646195527680
320634577719471578129245405184
32173807081856073693552812295513252002836274723589699935202369863680
3217380708185607369355281229551325200283627472358969993520236986368
3217380708235396114132373746050747888016095583730358333962085570969600
3217380708185607777961377792
321869396954936111467069440
33515567711792561201074307197074145280
321738070831206399261275504209280656788374964535708456710907709358080
20414344901100037118850712184143443823503081472
32173807083120639926127550420928065678837496453570845671090770935808
32173807083120640346996590943183831040
32173807083124583523009787096937267200
32173807083981761020838386533216411615950370812386061844480
32173807081871219059640275962746246604315533638568432005433324994560
3217380708248792469676618911962144633772113970906905182208
3217380708248792878862466608066842203688203696707000428811830427648
3217380708398169133100964112501909431683076878625635565568
335155677117912729394977803578598490112
321738070824879277631186539175821282988824021982187588943872
321738070841150659553371231861072555254969536581242103791616
3217380708368531439578191187348149324666219003904
3217380708398168915777526063397163242640518025474634886408128430080
32173807083685310656140271898827939897704712134677114441318164070400
318945755229506807424205453593506957909557248000
2976816164248152970846868112421571143485056090112
3189457552295068074242054535935069579095572480
297681616424815272745795286860152605611804065792
321738070836853152984440284610705510872262670871684972544
3217380708368531439758446346593941049913788388836164476050547408896
32173807082338649513998757783312269312
257297353841011503108471415750338512522908886939875513250871196516352
321738070836931515259036552629946499091740928962736137557800237662208
20414344901101906869104585367427539325652249194042664943616
224670379818883130883905203814010106694799461283901997056
321738070836931489817216049973588499001995361037681331387326529536
32173807083693152489325534591525853589043134622847380312970756096
3217380708411539823644058129239206440769921611871064948736
32173807083693149693435898550282968309306490880
33515567711792562303005356072530179507980599296
3217380708242497315344861058548165878553153328909951666369503837552640
321738070822463414163581048283201536000
321738070836538677366360261775893884703782993920
3217380708684436830231627180950071717237103692664935546880
32173807081856075605480791608569888768
33515567711792563050680156160
32063457771948422599090939054740701817406097123852337283072
32063457771948424443697256557162783214518166331707740437134157283328
3217380708317711777448809428199908843285175267229291986737296310272
2041434490143730823460732730540287852544
4181736951408708378092460993799208345708119035288685117440
32173807083177114781332741028309911951705215269345295612023115087872
32173807083177117042678600985632163785815690838016
204143449014373052122927782688299417600
418173695140870837809246099379920834570811903528868511744
32173807083175778638245692016946598453999450055017670639616
3217380708318339434273099022474943290178955947047196295168
204143449031009269221304009547239653376
3570707424822460346115040381291865794357979795947520000
320634577719484232464351152556871126220595513705286907349942180773888
35707074248224603461150403812918657943579797959475200000
3217380708398306226779356576388134315237921385696897600582406111232
32173807083981764734947930289623338575355249679173861311664946675712
3217380708312064067441638873435035979912413080430775173492823293952
321738070868443663216532862568048922337346828231124799536433725440
32173807086844366321653286256804892233734682823112479953643372544
32173807086844366826326447629040380899860938752
3217380708312064412488977723890000199680
321738070839808052415850029038867028378183534467760609560792924160
3217380708193234305337196871781331238095419342848
321738070825394232203942521276161772119831758656819198428629172224
321738070825394223455899400338070132223163498496
3217380708185607635348579223775656313354267026722479570899959808
3217380708398176398665909197620104445506861532843695524782748467200
32173807082487928878155913844113285375668315830636834193408
3217380708398176102083838653321641161595037081238606184448
335155677117912709818755881487594563560451495652712052162560
321738070839808045279388558057082316855338330037558444032
321738070841160148589538705408
3217380708317527530777884544108961369828918891385333324422051908288512
321738070831828249995188990533295527170616066048
321869396954936089109657736517621267937114456064
3217380708248869128488238860979193662803676199649581989888
32173807081136130036434702437894241826194743731527560636259358474240
321738070868443646380034000516047304630897555339544413100090830356480
321738070836538677632226630120311198595058527961385795584
3217380708684436621785415951949026818144340017152
321738070824886919826892864757426363573997666304
321738070839816869129087456937047500655452772025356306725688982896640
321738070811352873546568178116934841735864909824
209248963929751145040394707515768755776007438336
321738070839820776888423175083897028906886103040
321738070839820755513357401444854005760
3570707423573394671088266412711798762700025415771438972928
32186939699512262453179794597190828292410548374915857492266188800
321738070823531133300699283530482405954042364523890130117764055040
32173807081672599256709067656373310682386548840118095500218755710976
357070742357339460752788847216015322079441544671326383197286173769728
2041434490134474078459943514949562662912
9855176717138641406377285112351975038513736835407699509248
32186939699512261095423856823460351835178532864
321738070811352856976276524767387844608
32173807083980803439035281658705148602735089222097567744
3217380708318339452958056959223505715587771793408
3217380708253941991170078759560656234864619552768
32173807083124581383063945599686692223956641906688
32173807082803417520479526569696591182071472200861939138560
3217380708253941851122617123661919865719507681630895472640
321738070811361291010736545461163741758364507931064280564625309696
3217380708230832450165267846163367083890517309487656202048817332224
32173807083685312596819245899966316544
32063457771947155299931157541769540036803252191232
318945755241943553699300855762481315840
3218693969994484928158367744
32173807083982073825006206127619703636253151180437122305526595584
3217380708382082576475883267629312380718563058836527540568703631360
20924896392975116333426101795969582396807356423475688415342624768
321869396995122624531797945971908282924105483749158574922661888000
2092489639297511475960432212866109145387177315781312512
335155677117912692993931232785406528707111157760
321869396995122591939479564811162495901237248
2092489639297512486859566380844262470632677948656852320598867574784
3217380708379799372798319080155514068012667764736
321738070818712229553984880652260995457705844091323764703232
321738070831245828174934252654005749055609312115083913986048
321869396999448500666909685210023326614341684113178624
204143449011000366117904720928516832248217993216
3217380708312458041515010890272890310825398743411817783916568248320
3217380708248869099095856689315832362259599516299041525005811712
321738070831833943427309902247494329017895594704719629516800
321738070867526112565426201621132068046735906163014681136280966791168
321738070839830634139490549795723067271011106816
32173807084116012595837115031531539722750457730310340608
321738070839816896584537512352223587016518983376292427071488
32173807082538308971545951047231338722666712971507734159892152320
321869396937771710169151899439220684479220542741934396281676890112
32173807083176803960856526590524491737644471832002939345537335296
3217380708167259882278447248658281791488
3217380708187122280108446752985771720574870539225296232462063501312
321738070818712237219866042647162700360609000314198032384
3217380708113613194570138271716107878400
321869396937771694334375437387947427591297695744
32173807086860608820007101735803540559203093095916085706752
32173807083796973309748754027245745550429066498747584522748205989888
32186939693777166340109950485032730196130589582087776729183551488
84812888112955444169786665654995464971782175786603222128839574421504
32173807082487928087103880161835021299113317263254154853270683648
321738070837969685207001888213430631805946066540313857141884491661312
321738070824879269179025702971126867361654510902277391285246492672
3217380708236073999605645783983975664371690897408
3217380708248792807026738129978301968140686799036257446683434075291648
321738070823607424299456102780402075173870632960
321738070839830607361444883960963792445309485997050822656
32173807083820826853418597706051603537734423019520
32173807081856074161233336241402185828015421192800266225100783616
3217380708312457917843262285686367059968
25729735384101151972285057388189700586001923097796987060224
321738070831752723071406038042662142759397851673983399282322964480
3217380708317527324250165169604408192629807810581947250802912395264
2041434490343741926392643959616700416
2572973538469001499652314521163549516784153542780444999680
32173807083176806040545971197295548736270182925234864128
32173807083796971470937062157209861270413638326857131622400
3217380708113613003643470243789424182619474373152756063625935847424
3351556771179127208799254999587836417621677588862993591288463360
3217380708185607324429755017374728192
3217380708235311060629855689219108999756088741570667493940804381048832
32173807083685311639728019327140191929022487980796687679488
33515567711791270241421157728797359859742003793743577088
32173807082238102083909993659864246659991162540663907257703896973312
321738070836853118534024132003036104901633270958561641434581032763392
3217380708317680615310898258687886904317172090642746882943614976
321738070825383078295805412934744542024764195248667623424
32173807083653867736636026177589388470378299392
32173807086844363946701975221488384841176061800016248832
3206345777194841981149778923841280912544131304280714903552
3217380708185739535871348337764024195910419671265003518811963392
32173807083653871029933385453040369107902084141113409536
321738070868443637839650070812898173077732458496
321738070838208257647588326762931238071856305883652754056870363136
20924896392975126862767548772600359919179810290944870187008
2041434490110003674956528000119603200
321738070823083235662916305698558031885468801564554294406913458176
3217380708236074213477653369333679691764144221514633383470153334784
3570707423573395026569637927676637928154930683125931227721840459776
321738070836853135844855277274146762887721385984
3217380708223810133562115534644195253970452818992700119386643496960
32173807084033378705859436905782579466246226108006520564444114714624
3217380708365387239106285313679422296140051386818625536
321738070840362763437851955020965747355751022592
3351556771344747732206596504495026618998378725376
2976816164499664285926747348163560372899862711184874235810851848192
321738070838208275143582663868766224384
321738070831754841102962884184465650230716381434796012974259165986816
2041434490109057096960405047900283433119414854832863930505245168238592
321738070820436451614440905843979607166663977617693850930579467403264
321738070831754864984835912657834443360900783614819422961664
20414344901090570892358086272871508738435620798464
3217380708206118599942655656416869690875009290642617532416
321869396999449447253780777260308973495005478912
3217380708424395361479167397803508934672298016768
3217380708290175933488395376237196181675096960653401973254099522551808
224670379818883101447399134512759291692850470330591846471862956589056
2041434490110190798728411709811195904
321738070823386526482695214672143660561954084616793293528231837696
321738070831206441248897772389000019968
32173807084115064627996768969564566141291002070093733543207239680
3217380708312064184174697650328913862677128039145732519451467366531072
3217380708236074243409206901870571456575609595544109626023651814932480
32173807082360742592204887107253570908965073584128
320634577719484214840536791282095447406201834914342619840512
32173807081136132608677584140283377864680049312185675230700634112
3217380708253831044294911924628185360119340460084662632448
224669981513847614699293315549760708554887657395576722970678132736
209248963929751169180267567283307496782812895099888962777156419584
3217380708167259701184255271610642832152664578790737730870636969984
20924896392975116801298523654291872234119417748422393856
321738070839830641385156615474370784530957997338112411654177161216
321738070830115980793463772227531869180212921104401735739876508172288
32173807083011599276608518524228857510479907071619223276127590023168
321738070867526120796603423068777303369888884021120647838493048832
32186939691492552833063446984085222345130113693416429715456
3217380708411600987357817966402383201575359827616464896
320634577719484224248663671912202085241582981187870130176
321738070831206419356863954944
32173807081672596908138735364091383363831587247707060699136
2246699815138476240529037944675393850584705867797880487686464077824
32173807083980805241585002903886702837818353446776060956079292416
3217380708318282347688023412699175561843867704120165662802074140672
321738070822381014349575947587767602613612316636118626861056
335155677117912525038706097617792602468400174904374725233885577216
335155677134474762441451372131200505070527493076680704000
32173807081135284312295377263942920581498798080
3217380708185607632752952315875972730624522763818360927991023611674624
32173807084115401431093854081901024185980066725888
321738070831752724113296853718012855931946609372114848841728
204143449063155362343494258445911064576
297681616421990341799138586737187405270446253340115471433728
29768161642199033064876598747187583450258711701593471844352
321738070811352872761305519460354888533728062140871062393177767936
32173807082424970758924327982530317600614303366741417259415159963648
204143449010905714485089069995931025681775945328002591859084273647616
3217380708317548454716838639435391945171472950475031052288
2041434490109056959428387163916460160581153849344
3217380708206118340954543729688076098424337858560
321738070842439553422865507756160753628255521282841747914752
209248963929751157123949495072887891513206739667641171968
32186939699944852193455761776867729307525464859869184
2041434490110190895979944772967345884462583725482655612928
2041434490110003775267601229825814457185468416
3217380708403338001569379404356003506809145917440
32173807084036277357905675684680095932937666560
321738070823607424340920690187057145657560959554410962602365181493248
3217380708248792530760626844260061115130115522560
32173807082360743631354210320181385158214710916620145962376457355264
321738070868443639467019752214883848411760618000162488320
3217380708113613029159994557511630342134993780736
32186939699944942935914883067930865594505869395451035633479319552
321738070816378387952490774528
3218693969147414442060242251138727936
321738070831752728643135722169545681556389383503813279744
321738070831833960849767088599543658342675495211252056064
357070742482246034611504038129186579435797979594752000
32173807084115397365317721974789597941460221093384028160
2092489639297511627875031107109803767298523136
209248963929751262716372356461094261818642188942002220756839170048
321738070831245825853603446784
32173807083120640429748317665516637577242763853824
321738070831206445058913647573537796977139815108664352571392
3217380708187121849524944835910147123862692987946007527424
357070742357339465242521877096549086801161350775747819580310945792
32173807083120640045742325051229151390570326981194134061056
33515567711791271995024483783930806272
3217380708312458309625274024703336417475740961961291022336
2092489639297511738570728067421968350346043597919946256761405571072
32173807082539421777936893677628447905591308161283784704
321738070837969725859743220837410183471995519592752069214208
321738070836931510485635902952564149069865199001273368576
321738070831752718301824991712636747606826942464
32173807083182822232793133389329581199329576587213406208
3217380708223810059867964981387839245377179643929830621184
321738070839816891577752606339716324264051802547463488640812843008
321738070825383096066711743013834857936039693765330698502144
32186939691474147962377284663621189632
3217380708144913177461282384930181652247731347196500320824089116672
321738070816725960764815048243285606711683528494862447289095421952
3217380708317527547768215016976196755435592342636119195648
25729735384690014299624857757553521994850339407543152934912
32173807083177116682957603854335090597095808956708029464576
3217380708317711834075281561933907091843977314304
41817369514087087047635332379001332705477421697861681152
321869396937771701765517484786528904808032754623307033260064768
2041434490109057010158899803543297315166165270147382827100099575808
32173807082043643830757306649151584967643273101312
32173807083175483153371811486189973105732337464227716399104
321738070820611807726894006585538981113161227544664473600
3218693969994494797056361431029816518106075365376
32173807084243957509014317879155810744595227082752
32173807083182825347602329910547490919155262918043921787614396416
3217380708318282631618153644059114275982486576843194368
321738070831245804151501089027289031082539874341181778391656824832
32173807084115399037769520851003914160204414976
33515567711791248681130389618136314820326876916909699235840
3217380708379799591141961965771042556747178811096381259776
848128881129554501560973721623738179340752505924984706395392704512
321738070814491289685296801739682135714024346567016054688504086528
20414344901100037592275496638064863165713202165572517829539790848
204143449011000382316824629703348898798253164789463389290102784
204143449011000369603943871556147686364151808
3218693969377717171880070543742861312
3217380708871890439821191297962503864070974730323639524852236288
321738070868443659562778769240791626828134746440417250396602368
32186939693777166391076103191044179167042076672
3217380708312063913167410303180973044461868154880
335155677117912713303247318758004429425407475754018537472
3218693969994485352268375756178360221133252514021376
321738070841154004665151011454543785612710433835468000854016
32173807082238099204883074905714446107789404398775712088064
