2.718691
1.276487
1.934186
1.889015
2.249838
1.237302
1.233765
1.939084
2.139904
1.964391
1.182607
1.091993
1.793775
1.701801
2.799236
0.976073
1.190499
2.492292
1.279208
1.677583
2.168476
1.408190
1.038659
1.070769
2.558960
1.669964
1.717856
1.159206
1.761938
1.055530
2.301540
1.218526
1.396489
1.243017
1.255806
1.542342
1.751054
1.345876
1.642480
2.779916
1.357033
1.581799
1.204104
2.091196
2.292016
1.369822
1.018795
1.034850
1.377441
1.873777
2.259634
1.804388
1.548873
1.791054
1.044374
1.226690
1.136620
1.244922
1.586425
1.191859
1.179342
1.600574
1.816089
1.326556
1.044101
0.992944
1.002740
1.103694
1.195125
2.432971
1.083830
1.961125
2.732024
2.509707
1.257167
0.941242
1.014713
1.806020
1.210907
2.456645
1.733910
2.107523
1.059884
2.789440
1.410367
1.154307
1.824252
1.068047
1.397305
1.290092
1.320025
1.024781
1.390230
1.427238
1.244377
0.975529
0.994849
2.444672
2.390521
1.047095
2.270791
2.884136
2.923592
2.037045
2.465352
1.304242
2.359228
1.033761
1.056074
1.444653
1.246282
2.361133
1.736904
0.988318
2.420998
2.073780
1.273221
2.198681
1.061517
1.526287
2.321676
1.331726
1.029407
1.543975
1.967384
1.571458
2.587804
2.551885
1.038931
2.568484
2.876245
1.237302
1.189138
1.043557
1.409006
1.753503
2.588076
2.009289
1.583975
1.228867
1.527376
1.256350
1.302065
1.145056
1.405469
1.228050
1.058251
1.981534
1.046550
1.240568
1.212540
1.287371
1.053898
1.792415
1.007910
1.283290
0.985869
1.200567
1.551594
1.142062
1.714318
1.251997
1.526015
1.259071
2.004664
1.001924
2.743181
1.239751
2.024256
1.283018
1.295535
1.253085
1.214989
2.415828
1.450367
1.161383
1.819898
1.532274
1.158389
1.146688
1.554859
1.899628
1.329005
2.040583
1.987249
1.072129
2.115686
1.711053
1.711869
1.157845
1.875137
1.756768
1.756768
1.435673
1.490640
1.369550
2.097182
1.236214
0.983964
1.410095
1.465606
1.951602
2.078406
1.276215
1.936907
1.405196
1.549689
1.248459
1.228323
1.001380
1.197302
1.465878
1.025053
2.820733
1.335263
1.243561
2.374739
1.945343
1.204377
1.927111
2.192422
1.144784
1.227506
1.158117
1.398394
1.256078
1.961942
1.026958
1.314855
1.228867
1.663977
1.266691
1.241112
1.390230
1.741801
1.289820
1.823164
1.265602
1.992146
1.847110
1.538260
2.503176
1.267235
1.587513
1.504518
1.298256
2.678418
1.394040
1.207642
2.939103
2.231334
1.028863
1.488735
2.021807
1.384788
1.338801
1.494994
1.631868
1.693365
1.498804
1.219615
2.378276
2.183715
2.103985
0.976345
1.556220
1.881124
1.281657
2.168204
1.602207
1.388326
1.318664
1.010087
1.465062
1.273766
0.977161
1.176077
1.352134
1.429143
0.939882
1.036210
1.273766
1.580166
1.147233
2.058270
1.257439
1.299616
1.388598
1.641664
1.222336
1.070769
1.961942
1.234309
1.663433
1.343155
2.164667
0.981515
2.550796
0.987502
2.226436
1.221792
2.777195
2.318411
2.198953
2.072964
1.115940
1.799218
2.947811
1.523294
1.841395
1.214173
1.621255
2.506714
2.162762
1.605200
1.137164
1.416353
1.603296
1.753230
2.719235
1.256350
2.373650
2.677601
1.997316
1.628330
1.546696
1.575268
1.396761
1.258799
1.399210
2.404943
2.273240
1.212268
1.828878
