    2    24    218    51    126    51    218    24    2    321    19    31    77    18    89    35    2    2    35    154    155    156    58    157    58    158    58    29    29    89    18    31    77    2    24    228    51    126    51    25    266    3    324    110    442    7    50    25    342    43    43    143    25    200    87    87    200    139    591    310    29    310    591    139    29    321    19    50    77    77    50    25    143    43    43    143    25    200    87    87    200    139    591    310    29    310    591    139    29    77    18    19    321    50    18    73    129    308    225    154    164    165    58    166    58    158    58    29    29    35    161    5    309    7
    300    300    301    302    303    301    505    304    287    199    25    120    194    546    89    120    25    35    89    64    306    301    300    300    301    306    64    73    1    120    42    200    200    36    356    357    358    359    174    360    51    51    126    51    51    126    51    51    126    51
    1    129    3    4    5    6    7    154    131    132    13    133    13    14    13    15    16    15    16    17    31    89    64    340    134    64    41    218    218    41    43    43    136    137    137    136    232    5    252    338    339    29    232    5    252    338    339    29    64    134    340    129    17    31    73    129    129    1    89    31    73    129    340    134    64    24    25    43    24    25    228    143    137    137    136    232    5    252    338    339    29    232    5    252    338    339    29    425    344    345    287    202    149    16    15    16    150    444    150    17    15    16    15    16    163    236    152    153    133    13    14    153    15    16    15    16    1    89    15    16    15    16    150    444    150    341    15    16    15    16
    178    178    652    220    31    73    375    92    92    35    322    244    94    161    671    2    129    655    220    31    77    100    67    101    5    102    103    83    104    83    509    510    258    258    73    85    105    83    511    512    445    110    109    7    258    258
    1    129    3    4    5    6    7    154    131    132    13    133    13    14    13    15    16    15    16    73    94    161    2    71    245    31    41    120    120    41    25    25    27    28    28    27    29    29    31    245    71    2    159    31    73    129    129    35    36    31    73    2    71    245    31    41    120    120    230    25    25    27    28    28    27    29    29    232    58    57    56    60    29    85    189    85    159    29    163    236    152    153    133    13    14    153    15    16    15    16    35    36    29    85    189    85    159    29
    18    36    142    129    3    4    154    131    132    13    133    13    14    13    15    16    15    16    5    6    7    77    31    161    284    129    91    611    70    199    92    25    83    86    85    2    162    36    31    73    31    89    1    154    131    132    13    133    13    14    13    15    16    15    16    1    89    31    73    2    2    73    74    161    284    129    91    611    322    184    92    43    83    86    85    3    586    5    253    7    149    16    73    149    16    149    16    73    149    16
    373    19    63    30    94    73    2    308    225    154    164    165    58    166    58    158    58    29    29    435    161    5    309    7    54    29    243    43    43    342    43    43    342    200    87    87    200    139    591    310    29    310    591    139    29    243    77    373    89    63    320    54    39    313    33    376    199    64    32    40    77    94    320    452    19    160    243    25    43    143    43    43    342    200    87    87    200    139    591    310    29    310    591    139    29    64    77    485    399    158    147    486    29    463    29    36    316    165    139    317    58    158    139    29    29    29
    111    112    113    114    106    110    109    7    115    628    121    118    98    117    73    94    89    41    43    43    41    42    42    27    28    28    27    29    29    94    89    98    122    116    97    17    97    116    122    98    17    36    31    159    24    92    219    220    221    26    222    28    28    223    29    29    85    105    85    127    128    73    85    189    85    128
    1    2    3    4    5    6    7    436    131    132    13    133    13    14    13    15    16    15    16    17    283    161    64    487    487    64    24    43    43    24    25    25    136    137    137    136    138    139    140    5    141    110    29    138    110    141    5    140    139    29    64    487    487    129    77    613    73    2    2    35    89    613    73    129    487    487    64    41    228    25    44    25    25    136    137    137    342    138    139    140    5    141    110    29    138    110    141    5    140    139    29    308    490    441    491    492    50    50    150    444    150    77    50    50    163    236    152    153    133    13    14    153    15    16    15    16    35    89    50    50    150    444    150    77    50    50
    76    590    245    18    561    18    161    119    120    120    119    122    122    17    17    18    161    18    245    71    64    64    71    245    18    73    31    220    124    67    26    124    125    122    17    7    6    5    51    126    51    29    73    29    51    126    51    29    3    251    252    253    202    29
    406    406    146    184    11    14    15    16    94    198    119    120    120    119    121    122    77    77    31    89    199    89    574    35    89    574    149    16    94    19    124    67    26    124    193    97    561    7    6    5    51    126    51    149    16    51    126    51    149    16
    470    5    314    315    60    59    254    602    31    65    41    261    261    41    67    67    432    433    432    128    18    352    255    94    77    94    255    359    31    77    562    267    268    99    282    92    432    434    432    128    269    270    269    269    271    269
    110    298    124    5    259    141    192    638    115    128    254    262    0    89    1    67    92    137    437    440    651    89    194    638    254    262    127    638    359    262    0    95    702    78    66    79    80    81    82    83    84    85    128    83    105    85
    39    226    33    224    225    178    167    241    7    6    5    519    165    139    317    58    158    139    29    29    30    493    548    20    460    137    375    374    20    495    493    320    31    36    35    163    164    165    58    166    58    158    58    29    29    35    36    31    77    2    2    77    320    493    495    20    460    100    527    528    171    496    497    48    486    29    29    381    83    105    83    54    29    29    54    29    29    381    83    105    83    177    29    29
    125    677    161    31    90    199    92    92    35    262    262    94    89    469    117    121    469    161    183    73    184    67    185    110    186    5    83    84    85    127    128    17    85    189    85    297    298    113    7    299    5    128
    108    500    19    18    106    41    291    291    24    228    228    51    126    51    18    19    96    97    97    96    198    31    77    44    267    294    99    295    92    51    175    174    269    270    269    341    77    269    271    269    106    107    108    7    109    110
    1    2    3    4    5    6    7    130    131    132    13    133    13    14    13    15    16    15    16    17    74    36    20    557    22    23    260    25    25    260    25    25    346    347    347    346    348    349    348    23    22    21    20    94    77    129    129    142    161    94    77    20    21    22    23    135    25    25    266    43    25    346    347    347    518    348    349    348    45    46    47    48    49    50    50    85    105    85    55    50    50    163    131    152    153    133    13    14    153    15    16    15    16    142    161    55    50    50    85    105    85    54    50    50
    18    89    142    64    3    4    130    131    132    13    133    13    14    13    15    16    15    16    5    6    7    17    160    89    63    30    137    734    93    35    43    218    83    105    85    20    63    36    383    18    89    1    154    236    132    13    133    13    14    13    15    16    15    16    1    89    31    73    2    2    73    373    89    63    30    137    734    93    78    43    218    83    105    85    45    640    110    325    486    29    463    29    177    29    463    29
    192    195    124    122    125    197    5    6    7    77    31    220    18    89    448    120    120    448    122    122    73    73    74    161    18    36    448    200    193    194    122    97    77    73    31    161    18    99    124    67    26    124    125    121    73    7    6    5    51    126    51    202    203    5    51    126    51    202    204    5
    18    36    142    129    3    4    154    131    132    13    133    13    14    13    15    16    15    16    5    6    7    77    94    161    285    64    91    439    93    199    218    25    51    52    51    2    284    36    31    73    31    89    1    154    131    132    13    133    13    14    13    15    16    15    16    1    89    31    73    2    2    73    31    161    285    64    68    69    93    78    218    92    51    52    51    178    586    5    253    7    149    16    73    149    16    149    16    73    149    16
    1    2    3    4    5    6    7    130    131    132    13    133    13    14    13    15    16    15    16    77    18    161    94    262    352    18    24    218    218    24    25    25    136    68    68    136    232    5    252    338    339    29    232    5    252    338    339    29    18    352    262    31    77    18    77    129    129    35    89    18    77    31    262    352    18    24    218    218    230    25    228    136    68    137    136    232    5    252    338    339    29    232    5    252    338    339    29    59    5    314    315    60    150    151    150    77    154    131    152    153    133    13    14    153    15    16    15    16    35    89    150    151    150    77
    1    2    3    4    5    6    7    130    131    132    13    133    13    14    13    15    16    15    16    77    18    161    94    262    262    18    24    25    25    24    25    25    136    91    91    136    232    5    252    338    339    29    232    5    252    338    339    29    18    262    352    31    77    18    77    129    129    35    89    18    77    31    352    262    18    135    218    43    230    43    43    136    91    91    136    232    5    252    338    339    29    232    5    252    338    339    29    59    5    314    315    60    85    189    85    77    154    131    152    153    133    13    14    153    15    16    15    16    35    89    85    189    85    17
    1    2    3    4    5    6    7    154    131    132    13    133    13    14    13    15    16    15    16    17    94    89    64    692    493    2    41    43    43    41    228    228    136    137    137    136    232    5    252    338    339    29    232    5    252    338    339    29    2    493    692    64    17    94    17    243    32    247    376    1    161    237    152    11    12    13    14    11    15    16    15    16    424    39    40    2    495    548    2    41    25    25    230    25    228    136    137    137    143    232    5    252    338    339    29    232    5    252    338    339    29    308    690    351    56    530    29    29    51    126    51    77    29    29    29    29    51    126    51    159    29    29
    259    259    5    4    201    256    257    256    5    258    258    36    263    359    255    135    267    267    135    25    25    432    434    432    128    278    262    255    1    1    264    265    264    89    258    258    89    0    262    255    266    267    614    99    365    92    432    433    432    128    269    270    269    269    271    269
    1    2    3    4    5    6    7    154    131    132    13    133    13    14    13    15    16    15    16    17    94    89    64    692    692    2    260    43    43    260    43    43    136    137    137    136    232    5    252    338    339    29    232    5    252    338    339    29    2    692    692    243    17    94    17    243    32    247    376    1    161    237    152    11    12    13    14    11    15    16    15    16    424    39    40    129    495    493    129    24    25    43    230    25    43    143    137    91    136    232    5    252    338    339    29    232    5    252    338    339    29    3    690    351    56    530    29    29    85    189    85    77    29    29    29    29    85    189    85    17    29    29
    691    41    43    85    189    85    43    41    691    568    340    129    17    94    89    142    64    64    142    130    155    156    58    157    58    158    58    29    29    89    94    129    17    691    24    25    85    189    85    228    24    76    344    345    287    202    149    16    15    16    228    136    43    25    143    25    627    200    200    627    480    481    58    29    58    481    29    480    568    340    15    16    15    16    159    159    15    16    15    16    43    143    25    25    143    43    627    200    200    627    480    481    58    29    58    481    29    480    17    129    134    568    15    16    15    16    31    17    129    308    225    130    164    165    58    166    58    158    58    29    29    142    19    5    309    7
    31    24    25    51    126    51    25    24    31    262    352    94    18    36    142    64    64    142    130    155    156    58    157    58    158    58    29    29    36    18    94    352    262    31    135    25    51    126    51    25    44    232    5    314    315    60    43    136    228    350    136    43    87    200    200    87    310    311    58    29    58    311    310    29    77    77    77    77    350    136    350    350    136    350    87    200    200    87    310    311    58    29    58    311    310    29    262    262    31    18    77    129    308    225    130    164    165    58    166    58    158    58    29    29    1    161    5    309    7    77
    406    585    586    78    11    14    15    16    24    42    42    135    25    25    277    28    28    277    29    29    199    13    284    199    13    284    149    16    260    67    462    220    221    42    27    28    28    223    29    29    85    105    85    149    16    85    105    85    149    16
    423    594    4    3    428    40    39    38    30    517    305    23    41    43    25    135    43    25    518    554    554    518    269    270    269    320    517    305    30    54    94    73    64    167    247    34    1    161    711    457    359    181    14    252    252    15    16    457    359    181    14    252    252    15    16    38    39    40    30    517    305    23    41    25    25    24    25    25    518    554    554    733    269    270    269    697    475    595    147    596    478    479    479    478    51    52    51    177    597    479    479    597    597    479    479    597    51    52    51    177    597    479    479    597    7    309    5    9    457    359    181    14    252    252    15    16    457    359    181    14    252    252    15    16
    1    129    3    4    5    6    7    154    131    132    13    133    13    14    13    15    16    15    16    77    31    89    18    161    725    64    24    26    26    24    228    228    277    28    28    277    29    29    64    725    161    18    77    18    17    129    129    1    89    18    17    18    161    725    64    24    228    42    44    228    26    277    28    28    277    29    29    178    370    252    253    7    371    85    189    85    77    371    163    131    152    153    133    13    14    153    15    16    15    16    1    89    371    85    189    85    73    371
    94    41    218    85    189    85    218    41    94    89    284    2    77    283    161    435    2    2    435    154    155    156    58    157    58    158    58    29    29    161    283    2    77    94    41    218    85    189    85    25    135    293    58    286    287    288    15    16    228    143    25    25    342    43    627    200    200    627    480    481    58    29    58    481    29    480    89    284    149    16    17    17    149    16    350    136    25    25    136    350    627    200    200    627    480    481    58    29    58    481    29    480    77    129    285    89    149    16    283    17    2    308    225    130    164    165    58    166    58    158    58    29    29    1    89    5    309    7
    107    198    634    98    139    636    110    309    202    65    18    161    573    205    205    573    499    209    328    128    18    161    636    96    89    636    501    139    65    31    161    618    330    331    332    333    209    334    128    334    335    209    128    118    336    337    209    128
    470    5    314    315    60    293    181    254    94    73    142    67    67    35    262    262    94    255    262    74    17    74    255    262    567    73    184    67    185    110    186    5    83    84    85    85    189    85
    278    254    181    272    4    273    274    259    259    5    641    182    89    188    188    199    218    92    137    69    626    278    352    255    35    142    262    255    263    89    279    280    279    89    188    188    78    66    79    80    81    82    83    84    85    83    105    85
    1    2    3    4    5    6    7    366    9    10    11    12    13    14    11    15    16    15    16    10    11    12    13    14    11    15    16    15    16    341    31    89    129    340    134    243    41    43    43    41    350    350    342    91    91    342    443    181    274    453    454    252    50    443    181    274    453    454    252    50    243    134    340    129    74    159    2    32    423    34    1    36    9    37    13    12    13    14    13    15    16    15    16    37    13    12    13    14    13    15    16    15    16    424    39    40    64    134    134    64    24    25    350    41    43    25    455    91    91    143    443    181    274    453    454    252    50    443    181    274    453    454    252    50    343    344    345    287    202    149    16    15    16    51    126    51    77    15    16    15    16    159    15    16    15    16    51    126    51    159    15    16    15    16
    39    226    33    224    225    178    167    40    7    6    5    519    165    139    317    58    158    139    29    29    23    452    19    383    428    137    375    428    388    89    71    30    74    161    1    163    164    165    58    166    58    158    58    29    29    1    161    74    77    64    64    77    30    71    89    383    428    137    527    522    556    598    158    147    148    29    173    174    175    174    177    29    177    29    40    174    175    174    177    29
    31    89    1    64    3    4    154    155    156    58    157    58    158    58    29    29    5    6    7    73    160    89    452    320    167    68    68    167    320    452    36    160    18    161    142    163    164    165    58    166    58    158    58    29    29    142    161    18    77    64    64    77    160    36    452    320    32    662    673    719    171    351    110    325    486    29    40    174    175    174    55    29    55    29    40    174    175    174    54    29
    283    161    1    2    3    4    154    155    156    58    157    58    158    58    29    29    5    6    7    17    2    162    89    94    77    569    375    375    569    94    89    162    64    77    74    89    35    224    482    226    377    176    32    243    73    243    285    161    74    73    374    137    137    528    567    399    286    287    288    15    16    544    83    105    83    149    16    316    165    139    317    58    158    139    29    29    149    16    532    83    105    83    149    16
    1    129    3    4    5    6    7    154    131    132    13    133    13    14    13    15    16    15    16    17    31    89    64    340    134    243    41    218    218    41    25    25    143    91    91    143    138    139    140    5    141    110    29    138    110    141    5    140    139    29    243    134    340    129    17    31    73    129    129    1    89    31    73    129    340    134    243    41    25    350    24    43    228    143    91    91    136    138    110    141    5    140    139    29    138    139    140    5    141    110    29    425    344    345    287    202    149    16    15    16    150    444    150    17    15    16    15    16    163    236    152    153    133    13    14    153    15    16    15    16    1    89    15    16    15    16    150    444    150    341    15    16    15    16
    113    563    552    76    90    260    261    261    260    92    92    51    126    51    2    552    121    563    552    2    341    230    267    294    198    565    92    51    175    174    269    270    269    29    118    29    269    271    269    29    202    566    351    29
    192    43    218    435    89    192    43    218    435    89    94    89    182    64    64    182    89    94    599    120    42    355    355    161    356    357    358    359    174    360    51    51    126    51    17    187    188    188    17    51    126    51    74    13    180    179    178    191    110    109    7    190    188    188    73    51    126    51
    283    89    1    2    3    4    436    131    132    13    133    13    14    13    15    16    15    16    5    6    7    17    2    487    487    129    137    439    620    435    67    43    51    52    51    2    487    22    2    73    94    161    1    376    247    424    377    176    32    416    73    2    487    487    129    68    439    93    78    218    25    51    52    51    178    490    441    491    492    50    50    77    50    50    237    152    11    12    13    14    11    15    16    15    16    50    50    159    50    50
    107    198    737    107    139    636    110    309    202    77    94    220    35    43    43    91    611    93    474    89    694    635    89    739    738    139    561    18    161    78    67    79    80    81    82    83    84    85    561    83    105    85
    35    129    3    4    5    6    7    361    9    10    11    12    13    14    11    15    16    15    16    10    11    12    13    14    11    15    16    15    16    73    18    19    137    69    93    142    218    92    51    126    51    18    73    129    129    35    36    94    73    100    103    102    5    101    67    51    675    174    366    367    368    11    12    13    14    11    15    16    15    16    368    11    12    13    14    11    15    16    15    16    1    161
    1    2    3    4    5    6    7    154    131    132    13    133    13    14    13    15    16    15    16    17    283    161    129    284    89    31    41    218    218    41    25    25    733    347    347    733    348    349    348    31    89    285    2    77    74    73    129    129    35    161    74    73    2    285    89    31    24    25    218    41    43    25    733    347    347    518    348    349    348    183    58    286    287    288    15    16    85    189    85    77    149    16    163    236    152    153    133    13    14    153    15    16    15    16    35    161    149    16    85    189    85    77    149    16
    0    262    352    464    298    99    465    298    124    5    259    141    110    128    24    43    43    24    26    277    28    28    277    26    29    29    0    262    602    448    448    602    262    278    19    292    468    469    36    128    135    120    281    89    282    223    28    28    222    120    29    29    223    28    28    222    29    29    277    28    28    277    29    29
    1    129    3    4    5    6    7    154    131    132    13    133    13    14    13    15    16    15    16    73    94    161    2    71    245    94    41    25    25    41    25    25    346    554    554    346    269    270    269    94    245    71    64    341    31    73    129    129    35    36    31    73    64    71    245    94    41    228    218    44    228    43    346    554    554    346    269    270    269    232    58    57    56    60    29    51    126    51    341    29    163    236    152    153    133    13    14    153    15    16    15    16    35    36    29    51    126    51    341    29
    1    64    3    4    5    6    7    130    131    132    13    133    13    14    13    15    16    15    16    77    18    89    20    305    517    320    135    25    25    135    43    43    518    554    554    518    269    270    269    320    517    305    23    18    73    2    2    35    161    18    73    23    305    517    320    135    25    25    24    25    25    518    554    554    733    269    270    269    697    475    595    147    596    478    479    479    478    51    52    51    55    597    479    479    597    130    131    152    153    133    13    14    153    15    16    15    16    35    161    55    597    479    479    597    51    52    51    54    597    479    479    597
    1    2    3    4    5    6    7    8    9    10    11    12    13    14    11    15    16    15    16    10    11    12    13    14    11    15    16    15    16    341    74    95    389    134    134    20    41    350    350    41    25    25    136    91    91    136    0    254    406    14    252    252    15    16    0    254    406    14    252    252    15    16    20    134    134    23    94    77    2    32    423    34    35    89    9    37    13    12    13    14    13    15    16    15    16    37    13    12    13    14    13    15    16    15    16    226    39    40    23    696    134    23    41    25    25    135    25    25    136    91    91    143    0    254    406    14    252    252    15    16    0    254    406    14    252    252    15    16    144    145    146    147    148    149    16    15    16    51    52    51    55    15    16    15    16    54    15    16    15    16    51    52    51    55    15    16    15    16
    33    421    4    3    422    40    312    424    64    488    488    64    41    350    350    41    25    25    143    91    91    143    443    181    274    453    454    252    50    443    181    274    453    454    252    50    243    487    487    129    77    31    73    64    64    1    89    31    73    129    487    487    243    41    621    218    44    350    25    136    91    91    136    443    181    274    453    454    252    50    443    181    274    453    454    252    50    308    490    441    491    492    50    50    51    126    51    77    50    50    34    1    89    426    457    254    181    14    252    252    15    16    457    254    181    14    252    252    15    16    50    50    51    126    51    159    50    50    7    309    5    9    457    359    181    14    252    252    15    16    457    359    181    14    252    252    15    16
    33    224    225    178    32    241    312    313    18    255    352    31    24    25    43    24    43    25    143    137    137    143    138    139    140    5    141    110    29    138    110    141    5    140    139    29    18    262    352    94    77    31    77    2    32    240    246    35    36    237    152    11    12    13    14    11    15    16    15    16    226    239    40    31    255    352    31    41    43    228    44    25    25    342    137    137    143    138    139    140    5    141    110    29    138    110    141    5    140    139    29    232    5    314    315    60    51    126    51    17    51    126    51    17    7    6    5    237    238    11    12    13    14    11    15    16    15    16
    373    24    218    51    126    51    218    24    373    262    262    160    377    38    247    376    199    2    32    484    77    74    373    255    255    373    135    25    51    126    51    43    44    485    5    259    325    486    43    136    43    43    136    350    87    200    200    87    310    311    58    29    58    311    310    29    177    89    316    165    139    317    58    158    139    29    29    54    43    143    43    43    143    43    87    200    200    87    310    311    58    29    58    311    310    29    255    255    160    18    73    2    308    225    154    164    165    58    166    58    158    58    29    29    35    161    5    309    7    177
    33    224    225    178    32    40    312    38    64    340    568    243    24    350    350    24    25    43    136    91    91    136    232    5    252    338    339    29    232    5    252    338    339    29    243    648    134    129    17    31    73    129    129    1    89    31    73    129    134    648    243    41    25    43    41    25    25    136    91    91    342    232    5    252    338    339    29    232    5    252    338    339    29    76    344    345    287    202    149    16    15    16    85    189    85    17    15    16    15    16    163    236    152    153    133    13    14    153    15    16    15    16    1    89    15    16    15    16    85    189    85    73    15    16    15    16    7    6    5    237    238    11    12    13    14    11    15    16    15    16
    1    129    3    4    5    6    7    154    131    132    13    133    13    14    13    15    16    15    16    73    94    161    2    71    245    18    24    120    120    24    43    43    27    28    28    27    29    29    18    245    71    2    159    31    73    129    129    35    36    31    73    2    71    245    18    24    120    42    44    228    25    27    28    28    27    29    29    232    58    57    56    60    29    150    151    150    159    29    163    236    152    153    133    13    14    153    15    16    15    16    35    36    29    150    151    150    159    29
    33    483    225    178    32    241    39    424    160    262    262    160    24    25    43    41    25    25    136    137    137    136    232    5    252    338    339    29    232    5    252    338    339    29    373    262    255    160    31    77    2    2    1    161    31    77    160    255    262    373    41    25    25    266    25    25    136    137    137    143    232    5    252    338    339    29    232    5    252    338    339    29    589    5    259    325    486    150    151    150    177    154    236    152    153    133    13    14    153    15    16    15    16    1    161    177    150    151    150    54    7    6    5    237    238    11    12    13    14    11    15    16    15    16
    18    161    35    2    3    4    130    131    132    13    133    13    14    13    15    16    15    16    5    6    7    77    30    227    89    160    91    69    93    35    218    92    83    105    85    383    36    227    30    31    161    199    376    33    313    377    241    32    243    73    20    319    89    373    68    439    93    184    25    43    83    105    85    556    139    743    744    486    50    177    50    237    152    11    12    13    14    11    15    16    15    16    54    50    55    50
    0    262    352    272    4    273    274    259    259    5    275    276    220    188    188    573    472    472    573    387    209    207    128    651    262    352    35    35    262    262    651    161    279    280    279    36    188    188    618    607    331    332    333    209    334    128    334    335    209    128    336    608    209    128
    278    255    181    201    4    256    257    264    99    258    258    5    259    259    5    35    218    218    35    406    406    0    255    255    35    35    255    255    278    36    264    354    264    36    258    258    78    66    185    110    186    5    83    84    85    85    86    85
    35    129    3    4    5    6    7    130    131    132    13    133    13    14    13    15    16    15    16    73    94    89    320    134    134    20    24    25    25    24    25    25    518    347    347    518    348    349    348    20    134    134    23    18    77    2    2    142    89    18    77    23    134    134    20    135    25    25    24    25    43    518    347    347    346    348    349    348    657    145    146    147    148    149    16    15    16    85    105    85    54    15    16    15    16    130    131    152    153    133    13    14    153    15    16    15    16    142    89    54    15    16    15    16    85    105    85    54    15    16    15    16
    39    313    33    483    225    178    167    715    7    6    5    237    238    11    12    13    14    11    15    16    15    16    23    71    89    373    91    439    70    199    67    25    83    105    85    373    36    71    389    31    161    1    436    131    132    13    133    13    14    13    15    16    15    16    1    161    31    17    2    2    73    320    71    36    388    91    439    322    184    67    25    83    105    85    556    598    158    147    148    29    54    29    177    29    54    29
    142    129    3    4    5    6    7    154    131    132    13    133    13    14    13    15    16    15    16    73    18    89    31    75    63    64    41    120    120    41    43    43    277    28    28    277    29    29    64    63    75    94    73    18    17    64    64    1    89    18    17    94    75    63    64    41    218    43    44    26    26    277    28    28    277    29    29    178    351    252    253    60    29    150    444    150    73    29    163    131    152    153    133    13    14    153    15    16    15    16    1    89    29    150    444    150    73    29
    35    129    3    4    5    6    7    361    9    10    11    12    13    14    11    15    16    15    16    10    11    12    13    14    11    15    16    15    16    77    31    161    137    437    93    142    43    92    83    105    85    94    17    2    129    35    89    18    17    100    103    102    5    101    67    83    104    83    366    367    368    11    12    13    14    11    15    16    15    16    368    11    12    13    14    11    15    16    15    16    1    89
    377    424    33    224    225    178    167    241    7    6    5    237    238    11    12    13    14    11    15    16    15    16    129    548    493    64    168    439    440    199    92    25    83    86    85    2    692    692    64    73    31    89    1    376    247    313    377    40    32    243    17    2    548    493    64    68    249    322    184    92    67    83    86    85    3    552    351    56    530    29    29    73    29    29    237    152    11    12    13    14    11    15    16    15    16    29    29    73    29    29
    160    36    199    30    45    4    110    384    49    130    155    156    58    157    58    158    58    29    29    177    260    43    25    24    231    231    27    28    28    27    29    29    555    161    35    23    460    33    246    164    165    139    317    58    158    139    29    29    424    615    24    66    219    198    282    120    307    28    28    223    29    29    429    444    150    381    54    150    151    150
    108    500    89    94    106    199    43    43    35    181    181    94    89    98    97    97    98    36    567    17    184    67    185    110    186    5    83    84    85    17    73    85    189    85    106    107    108    7    109    110
    33    594    4    3    422    176    377    226    2    305    517    64    41    218    218    41    43    43    136    91    91    136    443    181    274    453    454    252    50    443    181    274    453    454    252    50    243    305    305    64    77    94    73    64    64    35    161    94    73    64    305    305    243    41    43    350    41    25    43    136    91    91    136    443    181    274    453    454    252    50    443    181    274    453    454    252    50    425    475    302    476    477    478    479    479    478    51    126    51    77    478    479    479    478    456    35    161    426    457    254    181    14    252    252    15    16    457    254    181    14    252    252    15    16    478    479    479    478    51    126    51    159    478    479    479    478    7    309    5    9    457    359    181    14    252    252    15    16    457    359    181    14    252    252    15    16
    2    24    25    51    126    51    25    24    2    285    89    31    159    18    89    1    2    2    1    154    155    156    58    157    58    158    58    29    29    89    18    31    159    2    24    218    51    126    51    218    230    3    146    5    253    7    149    16    25    143    43    43    136    25    87    200    200    87    310    311    58    29    58    311    310    29    285    89    149    16    73    73    149    16    43    143    43    43    143    43    87    200    200    87    310    311    58    29    58    311    310    29    73    94    161    285    149    16    31    77    2    308    225    154    164    165    58    166    58    158    58    29    29    35    161    5    309    7
    373    161    372    20    18    77    64    64    142    130    155    156    58    157    58    158    58    29    29    142    161    161    18    77    20    372    161    383    243    43    43    342    43    43    342    87    200    200    87    310    311    58    29    58    311    310    29    243    383    161    372    23    18    73    129    393    394    376    199    161    316    165    139    317    58    158    139    29    29    395    396    397    53    149    16    77    53    149    16    53    149    16    416    43    25    136    228    43    143    87    200    200    87    310    311    58    29    58    311    310    29    64    73    592    403    14    48    49    15    16
    31    89    1    129    3    4    154    131    132    13    133    13    14    13    15    16    15    16    5    6    7    17    2    340    134    2    137    249    322    35    67    66    51    52    51    129    648    340    129    77    94    242    435    154    131    132    13    133    13    14    13    15    16    15    16    435    89    31    17    64    64    17    2    340    134    2    137    439    93    199    43    228    51    52    51    505    625    345    287    477    149    16    15    16    17    15    16    15    16    15    16    15    16    17    15    16    15    16
    1    129    3    225    5    309    7    34    426    457    254    181    14    252    252    15    16    457    254    181    14    252    252    15    16    77    18    19    30    568    134    20    41    350    350    41    25    25    136    91    91    136    443    406    5    407    252    252    29    443    406    5    407    252    252    29    20    134    134    23    94    77    2    32    33    34    1    89    711    457    359    181    14    252    252    15    16    457    359    181    14    252    252    15    16    226    39    40    23    696    134    23    41    25    25    135    25    25    143    91    168    143    443    406    5    407    252    252    29    443    406    5    407    252    252    29    144    145    146    147    148    149    16    15    16    51    52    51    55    15    16    15    16    54    15    16    15    16    51    52    51    54    15    16    15    16
    56    57    58    59    60    61    62    71    64    561    35    228    120    702    702    161    120    228    35    161    64    71    245    94    77    94    245    71    64    77    35    120    26    200    200    36    356    357    358    359    174    360    51    51    126    51    29    29    51    126    51    51    126    51    29    29
    580    254    602    464    298    36    465    298    124    5    259    141    110    128    135    261    261    135    67    67    51    126    51    580    255    352    448    448    352    255    0    36    292    127    469    19    128    230    267    268    198    219    92    51    175    174    269    270    269    269    271    269
    33    224    225    178    32    241    312    313    18    255    352    94    41    25    25    24    25    25    136    137    137    136    232    5    252    338    339    29    232    5    252    338    339    29    31    262    352    94    77    31    77    2    32    240    246    35    36    237    152    11    12    13    14    11    15    16    15    16    226    239    40    31    255    352    94    41    25    228    44    228    25    136    137    91    136    232    5    252    338    339    29    232    5    252    338    339    29    232    5    314    315    60    51    126    51    17    51    126    51    17    7    6    5    237    238    11    12    13    14    11    15    16    15    16
    1    64    3    4    5    6    7    130    236    132    13    133    13    14    13    15    16    15    16    73    31    89    91    342    672    135    67    67    51    126    51    31    73    64    2    142    36    94    77    662    363    674    58    295    67    51    675    174    29    154    131    132    13    133    13    14    13    15    16    15    16    35    36    29
    35    129    3    4    5    6    7    130    131    132    13    133    13    14    13    15    16    15    16    73    94    89    320    134    134    20    135    43    43    135    25    25    143    137    137    143    138    139    140    5    141    110    29    138    110    141    5    140    139    29    20    134    134    23    18    77    2    2    142    89    18    77    23    134    134    20    135    25    25    24    43    43    342    137    91    136    138    110    141    5    140    139    29    138    139    140    5    141    110    29    657    145    146    147    148    149    16    15    16    85    105    85    54    15    16    15    16    130    131    152    153    133    13    14    153    15    16    15    16    142    89    54    15    16    15    16    85    105    85    54    15    16    15    16
    1    64    3    4    5    6    7    130    131    132    13    133    13    14    13    15    16    15    16    159    31    95    160    255    262    383    41    25    25    41    25    25    143    137    137    143    138    139    140    5    141    110    29    138    110    141    5    140    139    29    383    262    255    160    31    77    2    2    1    161    31    77    160    255    262    383    41    25    25    266    25    43    143    137    137    143    138    139    140    5    141    110    29    138    110    141    5    140    139    29    589    5    259    325    486    150    151    150    177    154    236    152    153    133    13    14    153    15    16    15    16    1    161    177    150    151    150    177
    111    112    113    114    106    110    109    7    115    632    122    118    98    122    77    31    89    327    205    472    327    208    209    328    128    31    89    98    121    116    97    17    97    116    117    98    17    89    18    77    618    330    331    332    333    209    334    128    334    335    209    128    468    128    77    336    337    209    128    128
    193    677    161    31    90    435    218    42    194    194    42    218    599    161    18    161    469    122    122    469    161    18    77    142    120    42    355    355    356    357    358    359    174    360    51    161    51    126    51    127    128    77    51    126    51    161    51    126    51    297    298    113    7    299    5    128
    178    76    506    89    31    65    41    291    261    24    92    228    432    433    432    128    18    36    264    129    2    508    220    31    73    266    267    268    99    221    92    432    434    432    128    269    270    269    509    510    258    258    73    269    271    269    511    512    445    110    109    7    258    258
    1    2    3    4    5    6    7    130    131    132    13    133    13    14    13    15    16    15    16    17    74    36    20    557    22    23    41    43    43    41    350    350    136    68    68    136    443    406    5    407    252    252    29    443    406    5    407    252    252    29    23    22    21    20    94    77    129    129    142    161    94    77    20    21    22    23    41    25    25    44    25    350    136    68    91    136    443    406    5    407    252    252    29    443    406    5    407    252    252    29    45    46    47    48    49    50    50    85    105    85    54    50    50    163    131    152    153    133    13    14    153    15    16    15    16    142    161    54    50    50    85    105    85    54    50    50
    31    73    2    285    161    149    16    74    17    2    308    225    130    164    165    58    166    58    158    58    29    29    1    89    5    309    7    30    656    621    143    25    25    143    355    398    398    355    399    400    29    401    401    400    399    29    320    18    89    284    416    77    377    38    482    224    35    243    32    176    73    74    129    73    31    161    285    149    16    320    228    228    143    25    25    143    355    398    398    355    399    400    29    401    401    400    399    29    23    293    153    286    287    7    15    16    54    89    316    165    139    317    58    158    139    29    29    149    16    54
    18    77    31    255    255    18    17    2    393    394    246    199    36    316    165    139    317    58    158    139    29    29    395    396    397    2    25    25    136    228    228    136    87    200    200    87    310    311    58    29    58    311    310    29    2    77    18    255    255    31    77    18    161    142    64    64    142    130    155    156    58    157    58    158    58    29    29    161    18    31    77    18    255    255    129    43    43    143    43    228    136    87    200    200    87    310    311    58    29    58    311    310    29    129    77    232    110    314    315    60    77    77
    35    64    3    4    5    6    7    361    9    10    11    12    13    14    11    15    16    15    16    10    11    12    13    14    11    15    16    15    16    73    474    89    31    262    262    31    41    43    43    41    26    26    27    28    28    27    29    29    31    262    262    94    74    73    2    2    142    161    74    73    94    262    262    31    41    228    228    44    42    26    27    28    28    27    29    29    232    5    314    315    60    51    126    51    73    8    711    368    11    12    13    14    11    15    16    15    16    368    11    12    13    14    11    15    16    15    16    142    161    73    51    126    51    73
    125    677    11    31    77    31    89    448    120    120    448    122    122    159    159    18    89    18    161    469    117    117    469    161    18    77    31    198    124    67    26    124    125    121    17    7    6    5    51    126    51    606    128    77    51    126    51    297    298    113    7    299    5    128
    18    161    35    2    3    4    130    155    156    58    157    58    158    58    29    29    5    6    7    77    23    321    19    373    167    375    375    167    373    19    227    30    18    161    199    376    33    313    377    241    32    243    17    20    227    161    383    167    100    527    522    556    233    743    744    49    50    176    174    175    174    54    50    316    165    139    317    58    158    139    29    29    177    50    176    174    175    174    177    50
    35    64    3    225    5    309    7    34    426    457    254    181    14    252    252    15    16    457    254    181    14    252    252    15    16    77    31    19    20    305    306    23    24    228    228    24    43    43    136    168    168    136    443    181    274    453    454    252    50    443    181    274    453    454    252    50    23    306    305    20    31    73    2    2    35    19    31    73    20    305    306    23    135    25    43    135    43    25    136    168    68    143    443    181    274    453    454    252    50    443    181    274    453    454    252    50    697    475    595    147    596    478    479    479    478    85    105    85    177    597    479    479    597    34    35    19    426    457    254    181    14    252    252    15    16    457    254    181    14    252    252    15    16    177    597    479    479    597    85    105    85    177    597    479    479    597
    373    161    35    30    45    4    110    384    49    130    155    156    58    157    58    158    58    29    29    54    35    92    92    1    255    262    388    36    1    23    569    33    246    164    165    139    317    58    158    139    29    29    742    461    78    66    185    110    186    5    83    84    85    381    54    85    105    85
    108    500    36    18    90    41    25    25    24    42    27    28    28    27    42    29    29    18    89    98    122    97    98    19    74    73    24    26    281    89    282    223    28    28    222    26    29    29    223    28    28    222    29    29    159    73    27    28    28    27    29    29    106    107    108    7    109    110
    31    77    64    285    161    149    16    74    17    2    308    225    130    164    165    58    166    58    158    58    29    29    1    36    5    309    7    2    25    43    143    350    350    143    200    87    87    200    139    591    310    29    310    591    139    29    64    77    94    19    162    2    17    377    38    482    224    35    243    32    40    73    74    243    77    31    161    162    149    16    2    43    228    143    228    350    342    200    87    87    200    139    591    310    29    310    591    139    29    64    77    293    403    286    287    7    15    16    89    316    165    139    317    58    158    139    29    29    149    16
    94    89    142    129    3    4    154    155    156    58    157    58    158    58    29    29    5    6    7    73    129    305    306    2    17    550    375    375    550    2    306    305    2    17    74    161    35    376    240    38    39    40    32    243    73    2    306    306    2    77    550    137    570    550    425    523    302    287    524    301    300    300    301    532    83    105    83    301    300    300    301    316    165    139    317    58    158    139    29    29    301    300    300    301    532    83    105    83    301    300    300    301
    35    129    3    4    5    6    7    361    9    10    11    12    13    14    11    15    16    15    16    10    11    12    13    14    11    15    16    15    16    73    18    161    375    222    686    41    92    25    51    126    51    31    17    2    2    35    161    31    77    662    363    364    399    295    67    51    675    174    50    366    367    368    11    12    13    14    11    15    16    15    16    368    11    12    13    14    11    15    16    15    16    1    89    50
    1    2    3    4    5    6    7    130    131    132    13    133    13    14    13    15    16    15    16    17    74    36    20    557    22    23    41    43    43    41    228    228    143    137    137    143    138    139    140    5    141    110    29    138    110    141    5    140    139    29    23    22    21    20    94    77    129    129    142    161    94    77    20    21    22    23    41    25    25    44    25    350    143    137    91    136    138    139    140    5    141    110    29    138    110    141    5    140    139    29    45    46    47    48    49    50    50    85    105    85    54    50    50    163    131    152    153    133    13    14    153    15    16    15    16    142    161    54    50    50    85    105    85    54    50    50
    1    2    3    4    5    6    7    436    131    132    13    133    13    14    13    15    16    15    16    17    283    161    2    487    21    64    41    25    25    41    25    25    136    91    91    136    443    406    5    407    252    252    29    443    406    5    407    252    252    29    64    21    487    2    77    613    73    2    2    35    89    613    73    2    487    21    64    41    43    25    44    43    25    342    91    91    136    443    406    5    407    252    252    29    443    406    5    407    252    252    29    308    490    441    491    492    50    50    85    189    85    77    50    50    163    236    152    153    133    13    14    153    15    16    15    16    35    89    50    50    85    189    85    77    50    50
    178    76    515    13    18    159    41    261    261    41    66    66    51    126    51    18    89    182    64    64    182    36    183    77    230    267    294    99    295    92    51    175    174    269    270    269    280    188    188    77    269    271    269    190    191    110    109    7    188    188
    247    421    4    3    422    176    377    226    2    305    517    243    24    218    218    135    350    350    346    554    554    346    269    270    269    243    305    521    691    74    17    64    32    247    34    1    89    9    37    13    12    13    14    13    15    16    15    16    37    13    12    13    14    13    15    16    15    16    226    377    40    2    305    517    243    24    218    350    41    43    350    346    554    554    346    269    270    269    76    475    302    476    477    478    479    479    478    51    126    51    17    478    479    479    478    77    478    479    479    478    51    126    51    17    478    479    479    478    7    309    5    426    427    13    12    13    14    13    15    16    15    16    427    13    12    13    14    13    15    16    15    16
    35    64    3    225    5    309    7    34    426    457    254    181    14    252    252    15    16    457    254    181    14    252    252    15    16    77    31    19    20    305    306    23    24    228    228    24    43    43    136    91    91    136    0    254    406    14    252    252    15    16    0    254    406    14    252    252    15    16    23    306    305    20    31    73    2    2    35    19    31    73    20    305    306    23    135    25    43    135    43    25    136    91    91    143    0    254    406    14    252    252    15    16    0    254    406    14    252    252    15    16    697    475    595    147    596    478    479    479    478    85    105    85    177    597    479    479    597    34    35    19    426    457    254    181    14    252    252    15    16    457    254    181    14    252    252    15    16    177    597    479    479    597    85    105    85    177    597    479    479    597
