    0.002058
    0.145944
    0.131688
    0.005447
    -0.029038
    0.037157
    0.214762
    0.051269
    -0.007337
    -0.015500
    -0.000322
    -0.044822
    0.094883
    -0.038308
    0.100704
    0.046363
    0.089680
    -0.002235
    0.031931
    0.010269
    0.024632
    -0.029058
    0.014373
    0.002600
    -0.026933
    0.000990
    0.035888
    0.123351
    -0.044046
    0.009875
    0.167144
    0.035310
    0.033120
    -0.026377
    -0.013201
    -0.063535
    0.122392
    0.096741
    -0.003176
    -0.029960
    -0.063990
    0.024984
    -0.014663
    0.064264
    0.040915
    -0.030280
    0.041172
    0.025850
    0.025515
    0.038747
    -0.010759
    0.038091
    0.101900
    0.001011
    -0.015354
    -0.000349
    -0.023055
    0.027862
    0.058276
    0.014562
    0.043296
    -0.005411
    0.018982
    0.057115
    0.083053
    0.020633
    0.058775
    0.075345
    0.180105
    -0.003380
    0.023064
    0.007095
    0.082782
    -0.031162
    0.069666
    -0.010940
    0.014745
    0.083072
    0.052738
    0.093384
    -0.000689
    0.045509
    0.045870
    0.035199
    0.167276
    0.126958
    0.015759
    0.038082
    -0.018475
    0.015488
    0.122200
    0.043246
    -0.011839
    0.016443
    0.014926
    0.036333
    0.005370
    0.004064
    0.038551
    0.060620
    0.059329
    0.039605
    0.058168
    0.044118
    0.054518
    0.040633
    -0.021028
    0.044806
    0.068186
    0.004771
    0.051301
    0.173322
    -0.094593
    -0.021684
    0.100380
    -0.040302
    -0.049606
    -0.011344
    0.003521
    0.048418
    0.100859
    0.119477
    0.031429
    0.092993
    0.037872
    0.148755
    0.064567
    0.045798
    -0.039941
    0.227458
    -0.063080
    -0.000414
    -0.054745
    -0.016573
    -0.044363
    -0.007022
    0.024419
    -0.000669
    0.011832
    -0.032261
    0.039349
    -0.031146
    0.017093
    0.039275
    0.011835
    0.001075
    -0.028393
    0.010206
    0.028008
    0.003169
    0.122949
    0.016981
    -0.003329
    -0.053134
    -0.007183
    -0.042254
    -0.007763
    -0.002227
    0.001905
    -0.009784
    -0.026996
    -0.030154
    0.107761
    -0.019944
    -0.013949
    0.000214
    0.016326
    0.000713
    0.019676
    0.009593
    0.009911
    0.042583
    0.033396
    -0.010767
    0.007218
    0.083705
    0.005098
    -0.027870
    -0.012363
    0.030217
    0.029344
    -0.001179
    0.068939
    0.023550
    -0.074465
    0.075404
    0.068737
    0.082940
    0.020607
    0.052470
    -0.027752
    0.028741
    -0.002885
    0.002534
    -0.005142
    0.093192
    0.010582
    0.028593
    -0.014184
    0.015109
    0.103083
    0.033660
    0.056435
    0.145482
    -0.018662
    -0.001240
    0.004128
    0.032079
    0.076312
    0.034781
    0.158871
    0.034255
    0.047521
    0.061276
    0.089811
    0.079083
    0.072692
    0.024583
    0.032635
    -0.024476
    -0.032104
    0.032816
    -0.002760
    0.054817
    0.121330
    -0.026851
    -0.040306
    -0.026809
    0.009128
    -0.012815
    -0.029680
    -0.041960
    0.040261
    0.001044
    -0.015180
    0.007430
    0.007316
    -0.004023
    -0.026832
    -0.037249
    -0.036236
    -0.000710
    -0.009763
    0.032651
    0.027754
    0.039408
    0.075597
    -0.037303
    0.015918
    0.004595
    -0.015809
    0.021656
    0.060924
    0.048765
    0.026188
    0.041590
    0.088417
    0.025220
    0.026181
    0.066111
    0.117686
    0.022150
    0.020100
    0.029167
    0.062712
    0.045320
    -0.005212
    -0.040115
    0.031619
    0.004562
    -0.007712
    -0.002827
    0.019231
    0.055320
    0.047534
    0.069448
    0.034722
    0.046047
    0.119809
    0.041150
    0.052154
    0.060464
    0.150706
    0.118249
    -0.023689
    0.046410
    -0.030835
    -0.059664
    0.043406
    -0.058890
    -0.004284
    -0.011206
    0.007562
    -0.046750
    -0.026958
    -0.001619
    0.005599
    0.003814
    -0.032112
    -0.012818
    -0.018133
    0.084104
    0.107359
    0.106546
    0.122708
    0.053292
    0.015882
    0.087228
    0.091823
    -0.023027
    0.002661
    0.037325
    0.004438
    -0.016750
    -0.035703
    -0.020459
    -0.002590
    -0.023471
    0.010259
    0.004601
    0.010496
    0.038689
    -0.003241
    0.021028
    0.009803
    -0.003539
    -0.049347
    -0.005932
    0.112402
    0.059430
    0.078815
    0.073834
    0.089116
    0.047423
    0.062371
    0.111999
    0.036759
    0.083346
    0.083059
    0.043310
    0.037258
    -0.017179
    -0.022460
    -0.006791
    -0.011742
    -0.042717
    -0.015011
    -0.009439
    0.035561
    0.015533
    0.004261
    -0.023041
    0.110699
    0.074779
    0.034982
    0.042298
    0.046363
    0.075429
    0.086539
    0.081657
    0.106714
    0.068817
    0.020116
    -0.021321
    0.018236
    -0.005053
    0.055887
    -0.026237
    0.012979
    0.010170
    -0.025505
    0.042478
    0.022632
    -0.034789
    -0.056402
    -0.023395
    0.029718
    0.042280
    0.000845
    -0.004173
    -0.016120
    -0.007343
    -0.042194
    0.005696
    -0.017479
    -0.006395
    -0.004506
    0.009848
    0.085673
    0.009819
    -0.014415
    0.001624
    0.048405
    0.025533
    0.033427
    0.013243
    0.024281
    0.029689
    0.008321
    0.003092
    0.053461
    -0.006016
    -0.004280
    -0.015235
    -0.003007
    0.055033
    0.020806
    0.192082
    -0.013888
    0.031841
    0.057509
    -0.004744
    -0.000452
    0.045821
    0.016862
    -0.019464
    0.016181
    -0.009869
    -0.017706
    0.020909
    0.067464
    -0.034722
    0.041761
    -0.036133
    0.008024
    0.021835
    0.032545
    0.002377
    0.028442
    0.000317
    -0.002031
    -0.010812
    0.018056
    0.065457
    0.097010
    0.057741
    0.055047
    -0.021174
    0.012786
    0.027624
    0.011024
    0.000225
    0.029654
    -0.018063
    -0.043981
    0.039623
    0.013083
    0.025028
    0.024285
    0.083496
    0.042373
    0.043700
    0.025687
    -0.003370
    0.011454
    0.015412
    0.002641
    -0.009218
    -0.024199
    -0.036461
    -0.018522
    -0.026673
    0.015688
    -0.113038
    -0.001526
    0.059351
    -0.003955
    -0.004379
    -0.016599
    0.032938
    0.007234
    0.039560
    0.093920
    0.142744
    0.046021
    0.017367
    0.022128
    -0.020743
    0.058347
    -0.020155
    -0.024540
    0.000709
    -0.005657
    -0.010743
    -0.012316
    0.007838
    -0.038220
    0.015584
    -0.011443
    0.034307
    0.009856
    0.043650
    0.023789
    -0.006424
    0.049524
    0.045432
    0.018760
    0.032989
    0.044847
    -0.031413
    0.076855
    -0.004450
    0.003489
    -0.030546
    -0.027351
    -0.008659
    0.170556
    -0.018474
    0.047459
    -0.005087
    0.005771
    -0.020951
    0.000236
    0.013873
    -0.012367
    0.033173
    0.012172
    -0.014993
    0.001459
    -0.011740
    0.010400
    -0.000665
    -0.032955
    -0.005894
    -0.004739
    0.018545
    -0.005719
    -0.010090
    0.057378
    0.044851
    0.000119
    0.023829
    -0.015955
    0.031230
    0.002342
    -0.010627
    -0.015800
    -0.019134
    -0.003056
    -0.005160
    -0.016580
    -0.007580
    0.036966
    0.029477
    0.022297
    0.053369
    0.018709
    0.027511
    -0.009681
    0.021313
    0.002145
    0.014228
    -0.030152
    0.077179
    0.041809
    -0.033369
    -0.011878
    0.024792
    -0.000086
    0.001442
    0.007483
    0.039127
    0.159794
    -0.008677
    0.093688
    0.029757
    0.023856
    0.127011
    0.058374
    0.027409
    0.031521
    0.059719
    -0.000381
    -0.001911
    0.081835
    0.014005
    0.047635
    0.032606
    0.085143
    0.048017
    0.071565
    -0.006807
    0.062946
    -0.004142
    -0.005434
    0.006891
    0.065572
    0.173293
    -0.004401
    0.025802
    -0.010064
    0.015998
    -0.011055
    0.003873
    0.006055
    0.017978
    0.019893
    0.004895
    0.007598
    0.005763
    0.047294
    0.001552
    0.002054
    0.032957
    -0.009303
    0.031200
    0.025275
    -0.002877
    0.045190
    0.001001
    0.049426
    0.034833
    0.022530
    0.039370
    -0.001963
    0.066300
    0.006697
    -0.017760
    -0.016546
    0.029602
    -0.000367
    0.030692
    0.022720
    0.008245
    0.006202
    0.015693
    -0.021863
    0.009901
    0.008993
    0.006584
    0.033629
    0.019294
    0.004911
    0.000457
    -0.030749
    0.013701
    0.034126
    0.043750
    0.030241
    0.004469
    0.018233
    0.029153
    0.002161
    0.018681
    0.007062
    0.042913
    0.014973
    0.041779
    0.026655
    0.021323
    0.012069
    0.023176
    0.002861
    -0.014954
    -0.016916
    0.027146
    -0.015744
    0.028745
    0.013324
    0.018951
    -0.027363
    -0.017493
    0.013627
    0.012466
    0.025162
    -0.017142
    -0.019357
    -0.003590
    -0.012156
    0.013553
    0.005782
    -0.035148
    -0.001408
    0.018846
    0.026160
    -0.008125
    0.038766
    0.047860
    0.006004
    0.063608
    0.001375
    0.030092
    -0.010976
    0.043107
    0.008447
    -0.007491
    -0.005935
    0.011530
    0.005565
    0.000969
    -0.013726
    0.040551
    -0.015493
    0.052112
    0.018095
    0.012830
    -0.007763
    0.019268
    0.019869
    0.002700
    0.016339
    -0.011914
    0.006185
    0.016285
    -0.012074
    -0.023834
    0.003197
    0.003150
    -0.000934
    0.002090
    -0.004541
    0.023796
    0.003171
    0.043756
    0.005935
    0.005559
    0.029684
    -0.007123
    0.029043
    0.002905
    -0.001657
    0.050630
    0.024718
    0.038199
    0.022753
    0.021602
    0.015364
    0.017730
    0.024074
    0.030243
    -0.007880
    0.038271
    0.007352
    0.020079
    -0.006312
    -0.011804
    0.008266
    -0.019924
    0.048291
    0.000720
    0.019016
    0.007502
    0.008492
    0.020142
    -0.007243
    -0.000815
    0.015433
    0.011256
    0.009265
    0.003710
    0.012703
    -0.008979
    0.017631
    0.058304
    0.032894
    -0.005746
    0.015057
    0.025678
    -0.028423
    -0.004352
    0.055326
    0.008659
    -0.008851
    0.042532
    -0.036445
    0.026843
    0.000846
    0.015485
    -0.005661
    -0.023825
    0.010224
    0.022951
    -0.017550
    -0.000341
    -0.000149
    -0.020453
    -0.013908
    -0.015470
    0.000648
    0.003749
    0.011471
    0.017870
    -0.008449
    -0.018968
    0.057630
    0.052508
    0.018286
    0.013781
    -0.035789
    0.033878
    0.024029
    0.013224
    0.010366
    -0.003922
    0.009201
    -0.004909
    0.017433
    -0.018140
    -0.025029
    0.004963
    0.012901
    -0.022580
    0.007897
    0.006080
