1.397578
2.466441
1.363563
1.645745
1.040020
1.617990
1.275398
1.112674
1.340161
2.666989
2.720595
1.410911
2.329023
1.320569
1.834048
1.270500
1.000019
1.548873
2.525490
1.711325
1.126552
1.062877
1.588602
2.030786
1.483021
1.160022
1.001107
2.174463
0.919745
1.612820
0.984781
2.413651
2.067250
2.486033
1.272677
1.260160
1.229955
1.180431
1.339617
1.512137
1.918131
1.631596
2.043848
1.831871
1.050904
2.749439
0.990495
1.012808
1.251452
1.323018
1.149137
0.992400
1.305331
1.147233
1.030496
1.282745
2.950532
2.759780
1.035394
1.469688
1.487103
1.737448
1.840851
1.254990
2.049562
1.323835
1.336624
0.992128
1.628874
1.179886
2.192422
1.665065
1.157029
1.981534
1.191587
1.063149
2.020718
1.812823
1.241928
1.164920
1.051448
1.278936
1.182607
2.314601
1.176077
1.174988
1.721937
1.777448
1.077299
1.241384
1.766836
1.161655
1.306691
1.241656
1.003829
1.225874
